9.900691389063481784e-01
9.914134742404226985e-01
9.944047248989742460e-01
9.999352750809061829e-01
9.896131805157593053e-01
9.004789781798828718e-01
9.963382737576286230e-01
9.954017954893803477e-01
9.808777790577122291e-01
9.782282282282281916e-01
2.471482889733840338e-01
9.511228533685600617e-01
6.318202659330582338e-02
2.992220227408737211e-04
9.276513525118076364e-01
4.496276521006041700e-03
9.908952959028831664e-01
7.457627118644067910e-01
5.000000000000000000e-01
9.958099698071353201e-01
1.083625218914185603e-02
9.974556084885232154e-01
9.892130424123559695e-01
6.345957011258955734e-03
9.952967525195968168e-01
9.898133748055987224e-01
9.969512195121951192e-01
7.536231884057971175e-01
3.974957555178268431e-01
1.533255542590431786e-01
8.544854485448545311e-01
9.940092856073087235e-01
5.000000000000000000e-01
2.042349726775956331e-01
4.411480167687842346e-02
3.756478688017327872e-01
1.243349753694581311e-01
5.000000000000000000e-01
8.595266052777948973e-01
9.852482269503546330e-01
5.000000000000000000e-01
9.584740040513166637e-01
5.000000000000000000e-01
5.000000000000000000e-01
4.002094554159186385e-02
2.785829307568438162e-01
9.463986599664991894e-01
9.997510580034851824e-01
9.270429997962095214e-01
9.885474050449405414e-01
9.974424552429667079e-01
9.569536423841059625e-01
9.991382687034860988e-01
9.972019464720194293e-01
5.000000000000000000e-01
8.681306306306306730e-01
9.982678457471054756e-01
8.575456662988844014e-01
5.000000000000000000e-01
9.789215686274509443e-01
8.565400843881856296e-01
5.000000000000000000e-01
2.383453179284156231e-01
1.000000000000000000e+00
9.991446493062154932e-01
9.844308320571720783e-01
9.976925295644649694e-01
9.531987977672821133e-01
6.178560395427865407e-03
3.890755391784978673e-02
9.942193379505916973e-01
8.954991434356018853e-03
8.464092065951089872e-01
9.631299734748011154e-01
8.144364428068999739e-01
2.312950534427044569e-01
9.680696661828737115e-01
7.667517120988318058e-02
8.144171779141103906e-01
9.491786447638603796e-01
5.000000000000000000e-01
9.572267263069611509e-01
3.850991259859304905e-01
6.750140460711132051e-02
5.000000000000000000e-01
9.410254529450597927e-01
9.967761194029850502e-01
9.786990004915615549e-01
5.000000000000000000e-01
9.635543214161749193e-01
5.000000000000000000e-01
9.898796716869869838e-01
4.391295824348166732e-02
9.909261576971214458e-01
9.978354978354978533e-01
9.207025920873124214e-01
1.000000000000000000e+00
5.000000000000000000e-01
8.770408163265306367e-01
8.444608645168100300e-04
5.000000000000000000e-01
9.929520195174844632e-01
9.355394691485694469e-01
9.715407262021590329e-01
9.453563266154166311e-02
1.294338504100385305e-02
2.301030312080035722e-01
7.949963343108504832e-01
6.260242543428384820e-02
9.900771775082690684e-01
9.757322175732217051e-01
1.571479247960269610e-01
9.643939393939393590e-01
9.998146889863487319e-01
9.846153846153846700e-01
9.913386732073736773e-01
3.692671623056869579e-01
5.000000000000000000e-01
9.861111111111111605e-01
3.514785934971310644e-01
9.828588919498010279e-01
9.101215401899703794e-01
5.000000000000000000e-01
9.838235294117646523e-01
9.792232839484527052e-01
9.938609368744161232e-01
9.780763790664780410e-01
9.996224990562476709e-01
1.000000000000000000e+00
9.961633324198410078e-01
9.785736149372512571e-01
9.655172413793103869e-01
9.981075540135625479e-01
9.897806866459983866e-01
9.628168340506934042e-01
9.985756053677187216e-01
9.958333333333333481e-01
9.109243697478991431e-01
2.049247887904389054e-01
8.800723701214784311e-01
9.939089931924041110e-01
8.959510357815442250e-01
2.220430107526881747e-01
9.178538390379278322e-01
1.548870954593625227e-01
7.351496203662348794e-01
